1443834
1444036
1781019
1781051
1918646
1918685
1918926
1918958
1919023
1920642
1977794
3723621
4320341
4320379
4320393
4417988
4418091
7796865
8414058
9394008
9492224
9492231
9492255
9545450
9630096
9634002
9690721
9712726
9712761
9721480
10611811
11289091
11293920
11293953
11296012
11296027
11296144
11297069
11300654
11300661
11300750
11300772
11300782
11300804
11883348
12544362
12544380
12544777
12544795
12544812
12544830
12545059
12545077
12545193
12545211
12545354
12545374
12569727
12569746
12570380
12570399
12570416
12570438
12570603
12570622
12571546
12571565
12571760
12571766
12571789
