115863
361045
361069
361070
361207
361333
580700
582278
582736
584244
604907
604999
605720
606512
606620
635006
635007
635008
635012
640043
857476
858960
1141801
1141805
1141861
1141865
1141926
1141930
1142003
1142101
1142105
1178155
1178156
1190588
1190590
1190795
1190855
1192105
1197463
1197473
1205230
1205644
1212899
1212914
1236435
1236472
1236522
1236524
1236794
1236810
1243275
1243308
1243502
1244137
1248518
1248539
1248561
1248582
1251648
1251680
1252019
1254857
1254997
1267331
1275779
1276202
1276246
1277476
1278892
1278929
1293839
1297571
1299853
1299898
1299993
1300065
1300118
1300295
1300296
1300298
1300299
1311751
1323866
1323886
1324282
1324295
1345219
1345238
1345271
1345272
1346253
1346274
1346414
1346426
1348064
1348171
1349082
1349189
1350090
1350197
1358870
1359752
1359795
1359845
1359871
1359907
1360003
1360036
1360037
1360038
1360041
1360042
1360043
1360392
1360514
1360559
1360595
1360596
1360598
1360946
1374793
1374812
1388266
1392075
1392155
1392210
1392229
1392327
1392387
1392471
1392489
1393227
1393292
1393322
1395808
1400183
1400466
1468475
1530563
1547471
1547473
1572871
1573186
1573234
1573424
1573472
1584962
1585007
1614832
1617142
1649929
1662264
1662278
1662495
1662610
1662759
1662883
1662896
1665954
1666080
1669277
1669289
1693520
1814423
1890401
1890572
1890797
1903367
1912187
1912232
1918405
1918425
1918926
1918958
1919023
1919418
1921053
1943759
1951520
1953480
1955760
1955776
1955898
1955930
1956081
1956125
1964029
1964306
1964369
1964394
1966146
1966453
1975614
1975661
1975790
1975968
1978221
1978261
1978484
1979175
1979190
1979360
1979378
1980470
1980481
1981753
1981929
1983196
1985383
1985405
1985437
1985438
1985991
1986017
1986099
1986122
1986123
1986124
1986404
1986461
1986502
1986528
1986570
1986585
1986586
1986587
1986588
1986589
1986968
1987023
1987559
1987753
1987768
1987769
1988097
1988125
1988281
1988284
1989492
1991016
1991039
2016616
2016818
2016970
2017112
2017198
2017281
2017432
2017448
2020013
2022236
2022696
2023041
2023198
2026203
2026295
2026325
2026326
2026525
2026626
2026697
2026734
2026735
2026736
2027364
2032467
2032717
2032750
2041661
2059362
2123962
2137632
2260157
2380274
2500809
2501000
2501078
2501154
2501157
2501158
2505995
2574114
2575815
2603105
2603402
2633655
2662614
2662834
2685584
2685585
2685802
2688231
2689080
2689653
2689722
2701703
2701817
2701884
2718064
2719489
2719520
2767816
2767817
2767818
2796084
2827091
2827099
2827100
2827127
2827128
2827146
2827147
2827174
2827175
2827203
2827923
2846059
2846445
2866821
2866829
2971805
2971811
2971843
2971954
2971991
2972375
2972411
2978504
2979351
2979358
2979365
2979393
2979549
3057353
3057508
3312923
3366106
3366288
3380290
3380291
3380510
3380636
3380716
3409539
3409936
3464667
3464672
3464676
3464679
3464811
3464841
3464867
3464876
3475490
3475498
3542612
3542630
3556193
3556194
3556195
3556377
3556393
3556418
3621458
3627334
3628592
3634581
3634961
3724730
3725032
3734208
3734443
3755766
3756095
3865413
3865705
3885595
3885713
3957087
3957091
3957096
3957209
3957215
3957220
3972057
3973404
4004404
4004793
4203853
4203875
4297879
4297897
4314632
4328663
4328664
4334724
4410508
4421927
4539071
4539078
4552599
4552611
4552626
4552652
4552656
4552712
4552724
4552734
4552746
4552755
4552771
4556269
4556316
4559379
4559595
4574214
4574265
4574316
4574367
4574624
4574678
4574982
4575206
4575244
4575259
4575282
4575320
4575335
4575548
4575563
4575586
4575966
4587717
4644340
4644374
4644409
4644447
4644544
4645639
4645667
4647590
4647649
4674756
4674826
4683155
4726761
4726766
4743699
4743703
4743852
4744002
4744973
4745026
4779711
4779718
4779890
4788625
4788652
4788657
4788706
4788721
4797152
4817856
4818184
4929717
4935531
5110618
5145310
5145311
5145312
5172471
5220144
5292939
5292985
5293011
5293377
5313551
5339922
5341921
5341993
5342139
5342141
5343792
5346610
5346611
5346643
5346644
5346669
5374518
5376124
5376137
5382678
5392402
5429588
5429648
5429746
5429862
5429891
5429950
5459045
5459180
5478694
5549207
5620117
5620317
5638998
5639276
5660591
5660797
5672830
5672861
5672992
5673004
5688911
5689292
5738797
5738801
5738811
5738933
5749412
5749640
5823758
5824183
5960257
5960319
6459222
6459225
6459226
6459231
6459259
6461279
6461282
6461283
6461288
6461316
8114201
8114399
8223793
8223807
8293912
8293917
8467514
8467517
8467529
8467532
8607967
8608040
8610190
8610191
8644195
8644251
8644284
8646349
8647181
8647430
8647472
8647504
8752063
8757269
8988180
8988185
9151395
9151488
9156947
9385316
9416166
9416186
9496090
9508374
9508429
9520605
9520623
9665951
9668958
9678522
9721657
9721661
9721663
9721674
9721676
9721677
9721703
9721704
9721708
9721709
9721712
9721713
10019558
10019800
11277908
11279421
11282855
11282874
11286886
11292535
11293354
11293920
11295785
11297069
11297222
11310819
11322662
11377261
11377279
11377280
11377284
11377302
11377303
11377517
11883348
11890463
11890491
11890504
11890506
12012548
12531584
12531596
12532448
12532655
12552036
12590579
12590703
12590726
12605073
12605232
